1.0 0.0 0.0 0.0 0.0 1.0 0.0 0.0 0.0 0.0 1.0 0.0
1.0 0.0 0.0 0.0 0.0 1.0 0.0 0.0 0.0 0.0 1.0 0.0
0.9999668436091471 0.007926379893402937 0.0018665969417057638 0.19828096802124828 -0.007924569282248148 0.9999681243775277 -0.000975413029735485 -0.01057736590005246 -0.0018742689369930002 0.0009605887117732489 0.9999977821901793 0.12843938869560628
0.9999590462801624 0.008955816146780406 0.0013035028238675272 0.3749321550644338 -0.008955545050841113 0.9999598754753889 -0.00021366348565496801 -0.048193096509163626 -0.001305364052331198 0.0002019811570773932 0.9999991276137715 0.18610521160606605
0.9998772074689108 0.01514519513185377 0.004024058720797365 0.7173448750360911 -0.01514680120891836 0.999885212559672 0.00036894123363945556 0.002930487920575694 -0.004018009122421428 -0.0004298475479084827 0.9999918353835585 0.24022072755504822
0.999861262013938 0.015721136496909507 0.005504778936555078 0.9505760531370481 -0.01572483473802898 0.9998761591806956 0.0006291856005190274 0.08463999316796184 -0.0054942057075138395 -0.0007156600476226578 0.9999846506493688 0.20541366260944627
0.9998149439796651 0.017411223438363415 0.008180898075046952 1.262255447631764 -0.017418504214616652 0.9998479504557356 0.0008195610934717773 0.05309293627202549 -0.008165384611903158 -0.0009619084363569526 0.9999662000419304 0.18290844225892364
0.9997690668831296 0.019497760381229513 0.009036052442917412 1.4496772303512069 -0.019502967372963066 0.9998096797146103 0.0004884799018117108 0.06369161413820068 -0.009024808434761123 -0.0006645969316000553 0.9999590547335606 0.20770855172022815
0.9995350888677469 0.027962031571697153 0.01215446060212115 1.8885420360392748 -0.027970044537572344 0.9996086417999961 0.0004897421069698704 0.04445084915626314 -0.012136009670040804 -0.0008294752247838984 0.9999260118829494 0.19822755389439867
0.9994157675427421 0.03076929518948376 0.014878644444115631 2.0618366499318643 -0.030774611972791355 0.9995263412008454 0.0001284662424054717 0.08791733507697942 -0.014867644227520706 -0.0005862756977057799 0.9998892985905644 0.2239874264814792
0.9993373722163071 0.03189473312217337 0.01753688942970684 2.3747916713185657 -0.03188964147408273 0.9994912335242543 -0.0005699779095984711 0.1268955602625086 -0.017546146541588332 1.0355109915499948e-05 0.9998460544675427 0.23488188933120419
0.9991555216744342 0.03525064934343709 0.021110074096418345 2.528192197280952 -0.035226414177473284 0.9993782030083193 -0.0015189127883278686 0.1027146128905495 -0.021150490577935648 0.0007739978859621243 0.9997760037506341 0.2673321010477287
0.9992346618768807 0.03443943590051005 0.018547661810839607 2.3547926777123025 -0.034413255009442686 0.9994061929736594 -0.0017289666143845107 0.1753433849502535 -0.01859619271382436 0.0010893579545956042 0.9998264824037215 0.33079555562672475
0.9988681908902152 0.043610971884891055 0.018984740160517106 2.4693643474167106 -0.043589149784551834 0.9990483203354005 -0.00156193984253804 0.18784636450732772 -0.019034790483927474 0.0007326433423177483 0.9998185535310724 0.4452210169613254
0.9987241120891659 0.04637073738950923 0.01999756599333547 2.5984270693815703 -0.04636144800697363 0.998924298790415 -0.0009281297175599348 0.23541668795859155 -0.02001909264680407 -1.705879924286595e-07 0.9997995978842807 0.4508618569984233
0.9985608961285214 0.04890948534028039 0.021999976517105706 2.9845569917976538 -0.04890370900408515 0.998803176779974 -0.0008008120101510369 0.19413142222117347 -0.022012813737640805 -0.00027622089120233245 0.9997576505000463 0.44542203752878995
0.9985332073851838 0.048786394835200274 0.023480234837921585 3.177088415440916 -0.04877795378746974 0.9988092119009706 -0.0009324409188722181 0.10235902999576905 -0.023497765284542768 -0.00021424458842440354 0.9997238664380736 0.4073930926329933
0.9982375559286047 0.05341110330972502 0.025865729777561727 3.4281508997413486 -0.05340102074809726 0.9985725625471054 -0.0010808844377286535 0.06350263369567592 -0.02588653929650017 -0.0003022769331567228 0.9996648416904086 0.39417407586077896
0.9980721293845082 0.055278859765202366 0.02821829564191857 3.8380931306198733 -0.05526535557454972 0.9984709088416346 -0.0012588368361740895 0.0009964356917065203 -0.028244734360482446 -0.00030308418073045774 0.9996009919567342 0.3526765349105684
0.9978541496647881 0.05727256739905403 0.031732460041505706 4.1136744071287 -0.057239713384778484 0.9983585718033827 -0.0019435324373734963 0.07065781212819396 -0.03179168457935725 0.00012300498987154995 0.99949450907015 0.28714051877147806
0.9977813650258608 0.05806445352137514 0.03257095092865597 4.379185406757541 -0.0579970380367758 0.9983122127368148 -0.0030115576515394806 0.11331961956268284 -0.0326908425418134 0.0011158574245039242 0.999464888665988 0.30664967131053716
0.9975431084946823 0.060776682554204986 0.03484166403138378 4.544093443038625 -0.06073041530228971 0.9981513538715491 -0.002385670053164324 0.07442014797953733 -0.03492224723556354 0.00026385999422742833 0.9993899974614121 0.2521785667591587
0.9973679183726957 0.06306481151503464 0.03577799532523753 4.775256231426189 -0.06301504380473735 0.9980094005336219 -0.002518074821454007 0.08676521682502822 -0.03586557758083069 0.00025689510031475107 0.9993565901867564 0.20706914272588609
0.9971013177847662 0.06635877866104843 0.03722196349604073 5.1200505686720374 -0.06630622503282842 0.9977958125381428 -0.0026459408994836515 0.0123554824576382 -0.037315500717296016 0.00017022326992355277 0.9993035196727047 0.1999366454222655
0.996846541474299 0.068787023478181 0.03956410180636448 5.25541544649687 -0.0686887816638857 0.9976307510858967 -0.0038387187081022982 0.07363980970048206 -0.0397344186350226 0.001109003517159348 0.9992096607253842 0.14867322052352058
0.9965459822187004 0.07217335548654005 0.04107446994890957 5.506704715267282 -0.07206792898168635 0.9973915294344251 -0.004043590576316639 0.05682112955427351 -0.041259167903157694 0.0010694719593273168 0.9991479056144135 0.09045757189487688
0.9960937422797753 0.07737283912063676 0.04255232493638569 5.696807021957801 -0.0772522557884131 0.9970015436841939 -0.004473350750012785 -0.008470062375093948 -0.04277084949683879 0.0011686135987329295 0.9990842250659232 0.08043583167220078
0.9957847090004869 0.08056201873541914 0.04384717160884159 6.053165095338687 -0.0804298527213051 0.9967488437329362 -0.00477297687865837 -0.06413382909616905 -0.04408913825479461 0.0012262358374359474 0.9990268486049925 0.021665260854301347
0.9954205938106616 0.08400035340476925 0.04562654978746637 6.151086332182233 -0.08384256059211688 0.9964645738170951 -0.005364528019272311 -0.04978830974262243 -0.045915862738180775 0.0015145149012930805 0.9989441625003985 -0.05664162935825617
0.9949755873488335 0.08706015711540023 0.04943793708168117 6.564090958425647 -0.08687324963084636 0.9962017770444973 -0.005920972214076682 -0.11896668412826052 -0.04976564154541823 0.0015963885570460918 0.9987596469947861 -0.17248360556752781
0.9947425234565052 0.0886495420378182 0.05126958868448718 6.988573979528103 -0.08842077395538261 0.9960605606813454 -0.0067176028678305015 -0.13813990118864386 -0.05166312766879731 0.002148988516467865 0.9986622567654353 -0.26963469030453363
0.9943722529702861 0.09045916858439293 0.05514491220253833 7.381123943944415 -0.09014984389410595 0.9958954650977185 -0.008076400415140501 -0.12515331081145709 -0.05564915245242794 0.0030596432500803713 0.9984456972787803 -0.3890343187492637
0.994175045886367 0.08924639441005636 0.060423995412861246 7.797352608711214 -0.08886894539032159 0.9960034673265201 -0.008910870819309318 -0.15373545907094904 -0.060977772032608575 0.003489148657063685 0.9981330257834301 -0.4106518976259545
0.994201275146572 0.09032467134576473 0.05835476195838563 7.71607334729756 -0.09002540468184408 0.9959093730984326 -0.007742550390821995 -0.2463847487029976 -0.05881539771871302 0.00244424241102544 0.9982658837555387 -0.34422648363682684
0.993979105052099 0.09095885341687396 0.061090307782196214 7.904849392448777 -0.09049273668959062 0.995843232621768 -0.010359567937542932 -0.16175863024257828 -0.06177866400517406 0.004768964930864974 0.9980784807054115 -0.22916835193538032
0.994045665523907 0.09098571137256026 0.05995677759161698 7.9954122078552405 -0.09052502296551526 0.9958402802996258 -0.010361290935619221 -0.17308170005800286 -0.060650103629213435 0.004872007675364976 0.998147197797487 -0.18350221449715934
0.9939587152415484 0.09133824770830277 0.06085554125102841 8.01639120872049 -0.09087675572713093 0.9958087320545255 -0.010314282935043996 -0.23033697620382232 -0.061542567901332994 0.004721617257842074 0.9980932915647607 -0.06206745386260256
0.993656351062835 0.094183821818364 0.06145293890601106 8.065882269794967 -0.09364852089114674 0.9955384386179575 -0.011540007323041812 -0.18733812078365575 -0.06226564484047095 0.0057118247348901365 0.9980432678650747 0.08657018050935644
0.9929655441781553 0.10100808762383984 0.0617802096917851 8.151155500529175 -0.10045453867298569 0.9948691685832699 -0.012009290671407978 -0.3077673663683988 -0.0626762613354039 0.005718709383019617 0.9980175262128447 0.3281193838070196
0.9922401456429462 0.10712446603036432 0.06311768493995193 8.184459041510195 -0.10650511415798573 0.9942257687307048 -0.013106542260767701 -0.3181239362207983 -0.06415726017111521 0.006282481161782167 0.997920025050999 0.6205643521130728
0.9922565329382113 0.1071634080017501 0.06279312722660374 8.193550580471289 -0.10654034081655468 0.9942207857185019 -0.013197917410485833 -0.2986254809597623 -0.06384456609718907 0.006405718596073832 0.997939295823712 0.6312923301357168
0.991213622624481 0.1156047492000743 0.0642736048937838 8.259559175419719 -0.11493025901244346 0.9932733957931534 -0.01410662159650877 -0.36420073523950947 -0.06547205424444105 0.0065956934375621425 0.9978326046692857 1.0648941924804864
0.9904045973725825 0.12217110951214517 0.06459840171264503 8.48155058587841 -0.12151031662864192 0.9924903604705662 -0.014075770878018342 -0.4244551372491915 -0.0658329435470119 0.006091335943344732 0.997812066057713 1.2672531374103704
0.9906293118706455 0.12040918982094603 0.06446079017013981 8.517716914845407 -0.11976414618085617 0.9927065518361486 -0.013793158853194695 -0.3365319981511376 -0.06565147182101798 0.005943815966392611 0.9978249121461599 1.2418922988702068
0.9896005635659374 0.12773096597985836 0.06614775067858955 8.755714035636363 -0.1271267622273193 0.9917975534423064 -0.013281540251418424 -0.31596095190016676 -0.06730164125475097 0.004734270345438253 0.9977214419710112 1.5365662470594108
0.9887325912867118 0.13339773196244134 0.0679183924629095 8.895243872358884 -0.13285440847637153 0.9910570525565247 -0.012474963982393183 -0.2355459720174315 -0.0689751337502329 0.0033111456091940803 0.9976128844591424 1.5604141990325546
0.9882744679660329 0.13597217479351423 0.06946325394322356 9.227808856007556 -0.13549674650536342 0.9907106667395696 -0.01153284418047496 -0.18351762430458474 -0.07038613253276524 0.0019855705356113776 0.9975178443801029 1.5603159487694318
0.988266307284238 0.1360922931164138 0.06934402383115966 9.260164025584265 -0.13556328102658585 0.9906923306057462 -0.01230052503988297 -0.16133568671925325 -0.07037259924208569 0.0027556910686846563 0.9975169689998494 1.530340770130632
0.9878699961953888 0.1384808263091676 0.07025618379657013 9.317879692268347 -0.13796029097986456 0.990362229342171 -0.012231631336375146 -0.14036082276731374 -0.07127291722441519 0.0023906980420186196 0.997453986825054 1.5124516096384635
0.9864426507573013 0.14755548767774393 0.0718211307561969 9.62153586485702 -0.14709612580918274 0.989053322975432 -0.011672792432631978 -0.1452664745800183 -0.07275731261422792 0.0009499302235139249 0.9973492222354846 1.3667165422543843
0.9863602750552717 0.1478372934886037 0.0723708673905126 9.658257877664047 -0.1473378692776663 0.98901071720758 -0.012221027995188965 -0.12356778202929085 -0.07338228716528311 0.0013913671356980649 0.997302914879871 1.3206926838998816
0.9859315535785185 0.15038793827930272 0.0729550524525444 9.767126064606883 -0.14987204160470097 0.9886260478470508 -0.01252631883475376 -0.09295707323155762 -0.07400907244042143 0.001416170332927724 0.9972565626046768 1.2548767441566355
0.9855222866750526 0.15304820874064695 0.07295250693470455 9.888830730932751 -0.15252352423747836 0.988217687177077 -0.012742735364144758 -0.0855580787945191 -0.07404321049872227 0.0014312762349267408 0.9972540069748438 1.1871513051661027
0.984941026146299 0.1566237672950838 0.07321318550763838 10.044152985318433 -0.156110972770361 0.9876577383436094 -0.012710470906714342 -0.11085341221933852 -0.07430033105290972 0.0010896826484475418 0.9972353149568826 1.0891913265284596
0.9828236641094492 0.16863046651820954 0.07497606970448593 10.248784286936425 -0.16807587700891505 0.9856789714976664 -0.013691775450173296 -0.06544797849994076 -0.07621118575488073 0.000854932245840063 0.9970913319534421 0.8555939498799027
0.9829858398054774 0.1678324753818959 0.07463979467489194 10.282949075443128 -0.16724161751765945 0.9858145101181638 -0.01414188850730598 -0.0448104197682532 -0.07595446077750527 0.0014183961581746448 0.9971102787757911 0.8951682947075177
0.9827111292342351 0.16926961448447206 0.07501089315198893 10.420245973633554 -0.1686719244464411 0.9855688173011069 -0.014278944891810414 -0.04526538666430126 -0.07634538874558741 0.0013798463565120303 0.9970804770134228 0.8821471217852858
0.98221387631393 0.17182003042359775 0.07572171631444968 10.436179280695628 -0.17124106165069194 0.9851279404673287 -0.014122312676512703 -0.06218933780728236 -0.07702207463523549 0.0009044643848159641 0.9970289774941657 0.810509141209369
0.981360784031228 0.17663727028550077 0.07569865462282253 10.536068205307753 -0.17603650480088068 0.9842755156394761 -0.014589663811140404 -0.06452310518375191 -0.07708541070207663 0.0009919973385220454 0.9970239994093274 0.7414827474235494
0.9805376117615777 0.18087104321720257 0.07636529084884043 10.620534721076329 -0.18024017573331313 0.9835062350713463 -0.015131577161622322 -0.028965870009309377 -0.07784260383961603 0.0010729870897225788 0.996965083504017 0.6559707684932304
0.9799564222971807 0.18366689852193388 0.0771484334633503 10.618468599160256 -0.18306962710234384 0.9829884650115677 -0.014805042613901198 -0.03504743055774345 -0.07855521644756651 0.00038476164621035406 0.9969096899555897 0.6089773217494384
0.9794767140745577 0.18634182044000652 0.07682507755164933 10.704197099754845 -0.18571142828602513 0.9824846878150278 -0.015333088826424228 -0.0043613224402774065 -0.07833665801958223 0.0007511085800178399 0.9969266792729663 0.5543880887117184
0.9783550085043775 0.1920818870577701 0.07698068588115184 10.827869389623658 -0.19149365038990232 0.9813789006360089 -0.015021159968410634 -0.0826954311640345 -0.07843251363278009 -4.528546026021213e-05 0.9969194244042348 0.4935391066659068
0.9771672445801284 0.19799289622795305 0.07709078520131199 10.99478920360026 -0.19739059784410729 0.9802034453486216 -0.015432355926015577 -0.09640365791073607 -0.0786201501043693 -0.00013700346155421479 0.9969046359745836 0.4425643033300066
0.9761751021261226 0.2026256321209645 0.07762102290385202 11.004485729446879 -0.20203269920058 0.9792561201973058 -0.015499661603942227 -0.10701203364770923 -0.07915149046473252 -0.0005516010228266536 0.996862446525859 0.40770558745036906
0.9752465363874473 0.2067308645726351 0.07846364060726058 10.968290015532732 -0.20614247889767326 0.9783973906749928 -0.015614874776298724 -0.12777076679557312 -0.07999669779570197 -0.0009463368364078194 0.9967946793539636 0.3403589867627648
0.9744144694394521 0.2109791120157265 0.07748713467467766 11.134221829020552 -0.2104067786790597 0.9774899152641738 -0.01557090372240716 -0.1616229379958454 -0.07902802814785029 -0.0011313045066072608 0.9968717524923518 0.28407506656624254
0.9730921360972606 0.21684506412859042 0.07790964528698979 11.194469817965546 -0.21625504572454793 0.9762052377193645 -0.016033996630462868 -0.1836754343026188 -0.07953269682558768 -0.0012457978726079207 0.9968314792999395 0.21272344812300328
0.9718583117936916 0.22208772032854515 0.07853958413942443 11.188436599160974 -0.22145478268832944 0.9750260956031838 -0.01678964315491539 -0.18164641187337044 -0.08030691764716566 -0.0010758122858734495 0.9967696030708056 0.15368632001629728
0.971031467778577 0.2256607361942948 0.07858193637240879 11.23665986497647 -0.22505106581287865 0.97420476238378 -0.01664628262533235 -0.21917866987232876 -0.08031130904347075 -0.001520884283516953 0.9967686695270448 0.07643895384051003
0.9702174024727234 0.22930332578789106 0.07809082354349343 11.375073301672323 -0.22865887476003643 0.9733543342710401 -0.017217983309433513 -0.21079446047555248 -0.07995818239906798 -0.0011509727982425097 0.9967975543354073 0.03009311582157058
0.9690859670376426 0.2339661351049637 0.07830859540798141 11.404014791882714 -0.23332289443498253 0.972243718342607 -0.0173948002522222 -0.25239280290610694 -0.08020483416357796 -0.0014141313158768608 0.9967773998287721 -0.029556374539935718
0.9678677211632055 0.2388103911823468 0.07875069138544442 11.3573174730202 -0.23816413698537633 0.9710647551903001 -0.01763760417989906 -0.3066368020486233 -0.08068406400499456 -0.0016847226864385707 0.9967383024270223 -0.09337845748897136
0.9670545435259795 0.2422259484484916 0.07830772467639732 11.40327338627183 -0.24155565372511112 0.9702187903136923 -0.018065577091833998 -0.301078046958625 -0.08035157745309086 -0.0014452752178562825 0.9967655367137948 -0.177081086793985
0.9661490002065358 0.24586171889212005 0.07815449176681719 11.41990789328508 -0.24518419347851972 0.9693037809715053 -0.018300039962350613 -0.33227843182934974 -0.08025472365042058 -0.0014816807172060207 0.996773286135842 -0.2647339483327731
0.9651127622913684 0.24994652009320234 0.07800059714917315 11.423067496600245 -0.24926585776363314 0.9682583434081041 -0.018501691110384355 -0.38247438164069963 -0.08014916228938149 -0.001586667539859566 0.9967816181443275 -0.34289220737003706
0.9639060872599882 0.2546158409013532 0.0778192039617524 11.43250581425755 -0.2538993907415088 0.967041385487799 -0.019132645789812074 -0.4121594665460615 -0.08012586551317172 -0.0013161747316891357 0.9967838849820134 -0.3951721399111517
0.9629947898055135 0.2581305818040965 0.07752185204778039 11.485426821858374 -0.2574433966705072 0.9661084463727714 -0.018904162449857376 -0.4936993743642 -0.07977425849352213 -0.0017528789625194433 0.9968114140082602 -0.45247610394216176
0.9616209273387974 0.2633783170924086 0.07692239069117203 11.513343604500898 -0.2626403901341884 0.9646918531727744 -0.019739652788993017 -0.5183143369504837 -0.07940540015790076 -0.0012208634808865762 0.996841658398224 -0.5121175200775112
0.9596464913004296 0.2705983538950236 0.07651890357344876 11.51448357727623 -0.2698650356172082 0.9626911790675978 -0.019963874792955607 -0.6105763083952478 -0.0790662651584238 -0.0014915142404175671 0.9968682466099347 -0.5976337531007255
0.9574649623263415 0.2783656276803303 0.0759830457638941 11.510932816001713 -0.277578726886764 0.9604746196844702 -0.02094171248691392 -0.6551566929884494 -0.07880923992366501 -0.001040321150788371 0.9968891720921407 -0.656330958128447
0.9555113396146426 0.28496975698960353 0.07609413557642954 11.473468515354075 -0.28417145262357046 0.9585357278399184 -0.021350502762180517 -0.7331844485279445 -0.07902319521284693 -0.0012231335471516917 0.9968720271743373 -0.6900137877576742
0.9535249740839977 0.2916598714842509 0.07566137167611268 11.499220332267079 -0.29082649782279063 0.956521598404828 -0.022054023424162406 -0.7952802284044602 -0.07880400981073905 -0.0009752696310600316 0.996889651308956 -0.705358605155222
0.9514566867470523 0.29837590465958935 0.0755115405941167 11.539107653773426 -0.29751288553543165 0.9544480379604681 -0.022694179292967603 -0.866329778843362 -0.0788432380404734 -0.0008731276948510454 0.9968866442396126 -0.7198497554226287
0.9487041676582765 0.3072333532268099 0.07461949432177112 11.648243702433778 -0.30628591883007183 0.9516342082670661 -0.02410953301751156 -0.896990641606825 -0.07841771607389011 1.7914073029010775e-05 0.9969205893574654 -0.7567759023487274
0.9451076516408461 0.3182490580114826 0.07408821690887314 11.731064508767277 -0.31729186759373423 0.9480071194534705 -0.024665202703484934 -1.020434671873193 -0.07808583462327114 -0.00019631690536997437 0.9969466203818809 -0.7736360800932711
0.9408150618028222 0.3307995870267673 0.07374722169600484 11.718225277971651 -0.3297655058242157 0.94370099067983 -0.026137164314335545 -1.107709202315169 -0.07824148933563788 0.00027094799402847434 0.9969343990121513 -0.7716976035662224
0.9370656545618388 0.34109067350645406 0.0745996748485772 11.605607645582653 -0.3400061874270896 0.9400303940658152 -0.0271781298795834 -1.207794190882236 -0.07939616837036287 0.00010334103681316516 0.9968431359891734 -0.7615166945675982
0.935281384941699 0.3456928156535561 0.07579715157618266 11.547213615351362 -0.3445997313678766 0.938347641499607 -0.02747232850166893 -1.2885824899429368 -0.08062106500620067 -0.00042532062298858636 0.9967447331085472 -0.7220885881463829
0.933012756068468 0.35194371860123486 0.07498543825744379 11.687064343589805 -0.3508470116415024 0.9360210769947004 -0.0277654073245495 -1.4154134589402785 -0.07995981137893238 -0.00040293771801101487 0.9967980067222431 -0.7255726045315375
0.929275593621555 0.3619593209249268 0.07370428138770346 11.815224794876794 -0.3607968428649983 0.9321938267007434 -0.02898806029491505 -1.516169706308273 -0.07919917473031032 0.0003456249081777088 0.996858751912956 -0.7426063456298168
0.9247049993711861 0.3734653111112818 0.0737856729622428 11.76661721845282 -0.3722200744927488 0.9276438655566582 -0.030480728989009748 -1.5928977774025255 -0.0798303218241739 0.0007211737941119037 0.9968082060385556 -0.7272325394109431
0.9210483774715117 0.3822113515611799 0.07472863637773963 11.670895783442122 -0.3809257835404158 0.9240748532436573 -0.031324320213277086 -1.685751365865482 -0.08102736445931043 0.0003851499427396129 0.9967118028137792 -0.6576437899133903
0.9193189610884775 0.38627779659585626 0.0751139909754178 11.680891546173335 -0.3849826102487612 0.9223824828533147 -0.031606093263688816 -1.7554643516067148 -0.08149256155782865 0.00013850051132167636 0.9966739402775351 -0.5877480568128214
0.9173038561451274 0.39108081018451885 0.07489616416550042 11.704031202490777 -0.3897904592975567 0.920356340839337 -0.031742774255160026 -1.8424809529192392 -0.0813451494674748 -7.604100069307387e-05 0.9966859891038276 -0.5509276129798006
0.9143986090831941 0.39787462395151096 0.07463891292196406 11.712015957931435 -0.3965494553785724 0.9174397956386099 -0.032446121764062606 -1.905157050143199 -0.08138619751337632 7.066834194921686e-05 0.9966826384864406 -0.5444806010758443
0.9115555283974406 0.40435975378185773 0.07456345062794005 11.72436876859861 -0.40297729848840147 0.9145999249925117 -0.0334106885093836 -1.9238180793014874 -0.08170566413083377 0.00040831991827283644 0.9966564190952567 -0.5271191608219306
0.9095600493405681 0.4087607975464642 0.07493415131145621 11.70665686058405 -0.40734029245099823 0.9126414464941239 -0.034051083492830966 -1.9595175001989422 -0.08230676029054818 0.00044780607206316097 0.9966069419185243 -0.48995088487147176
0.9083773262564285 0.4113053028564659 0.07535635995309156 11.693293133418933 -0.40987810513048595 0.9114976155532991 -0.0342350080368179 -2.023333653924424 -0.08276818276289627 0.0002113830377479345 0.9965688050703445 -0.45369430913931774
0.9061086296210935 0.4163569308505244 0.07492701421331052 11.730741428539824 -0.41491764000064624 0.9092012106554078 -0.03459061374165608 -2.142539003634815 -0.08252577380724911 0.000254313705522854 0.9965888981832235 -0.4099961252153623
0.9029957184601418 0.4231416714592178 0.07449737121105306 11.767562986796767 -0.4216522642042138 0.9060633183098777 -0.03547719414978084 -2.2392200858084386 -0.0825112145960713 0.0006237691718289159 0.996589940937544 -0.3969993123060228
0.9000746761237959 0.4292909822164156 0.07466478412419535 11.734808919429979 -0.42777619786509813 0.9031661022444099 -0.03603493161793325 -2.348104483539584 -0.08290417324073421 0.000494311938087737 0.9965574011139422 -0.36563945766382694
0.8976836812055508 0.4342094528584644 0.07500772990570587 11.72754658151672 -0.4326556791946884 0.9008118034763257 -0.03670365074896923 -2.466677975697677 -0.08350492056064253 0.0004957479908126243 0.9965072415572734 -0.34818577255135474
0.8954338082824235 0.43878644921473 0.07526451335368989 11.727003404534798 -0.43717135532724793 0.8985910289856966 -0.03762138630828154 -2.5908408919971806 -0.0841397710133468 0.0007839719040103597 0.9964536538755194 -0.29447523559217953
0.8930786084769646 0.4434894785962566 0.0756814472329512 11.732530217550549 -0.4417950412855012 0.8962788151777984 -0.038748251044585125 -2.746448468691096 -0.08501611950917089 0.001169546018985984 0.9963788895724909 -0.25245897250027355
0.8903057920075443 0.4489885072060158 0.07592705127117791 11.730331225081954 -0.44722116660845673 0.8935362696762327 -0.03982666079958207 -2.9229058702666717 -0.08572528713976936 0.0015017223395514157 0.9963176802480296 -0.2350134115182103
0.8869731336593908 0.45560749142983475 0.07550148289575448 11.793402851586587 -0.45372637063936594 0.8901772823513961 -0.04143412327903792 -3.0680152772212645 -0.08608740182440053 0.0024939403530569015 0.9962844671621846 -0.23715978685989994
0.8834785784578699 0.4622806691937377 0.07590905279249877 11.79369888432731 -0.4602925289617683 0.8867286220029931 -0.042931791281576176 -3.2218624087420786 -0.08715726698357815 0.00298894805114521 0.9961900807584352 -0.21609356742858676
0.8806020226885399 0.46763900217628535 0.07651039981876394 11.759114869522058 -0.46551324989146325 0.883911625144426 -0.04469511282030309 -3.3929841000339964 -0.08852960980569667 0.0037420018837233276 0.9960665166591788 -0.18034988238513242
0.8782825762082282 0.47192934809723086 0.07682712238241923 11.763359639166193 -0.4697511619462699 0.8816280540682496 -0.045451294040477284 -3.61573859448658 -0.08918274597237387 0.0038294496137383405 0.9960079182097298 -0.18184219630176432
0.8767130919670908 0.47480152768334866 0.0770562371457654 11.800781486444064 -0.4725011167251194 0.8800802058059745 -0.04692042244077974 -3.7083826609564836 -0.09009355730030985 0.004726590532448268 0.9959220904643649 -0.19469362196064605
0.8713510374013264 0.48453322675711874 0.07729761825547375 11.908129379244537 -0.4819157523747601 0.8747448800336142 -0.05077994159148987 -4.080269489292513 -0.09222026476163166 0.006996214926559782 0.9957140532020182 -0.19891645452266574
0.8673030856121338 0.49176321067532613 0.07716412582263367 11.978961046877174 -0.48901021309724346 0.8706936461028535 -0.05255079564286623 -4.350554331996594 -0.09302886204972739 0.00784342160044189 0.9956325183336093 -0.20650602211459043
0.8655084425618252 0.4948745389656144 0.07742303622163339 11.992483957887139 -0.49196847093510765 0.8689189065087203 -0.054285886908596745 -4.4712304834759635 -0.09413904322851856 0.008895200686236473 0.9955193197245181 -0.22336103565103757
0.8646328414574621 0.4964464086846335 0.07714280768372245 12.073795301803411 -0.4934988791341517 0.8680172695287565 -0.05481675011496069 -4.629902698020744 -0.09417486801974252 0.009326473286183596 0.9955119844228402 -0.2321133384763572
0.8610719900375634 0.5026108624607699 0.07705419462427508 12.14094387119338 -0.4994196213022884 0.8644408994400213 -0.05763656160455898 -4.778240030632478 -0.09557755924397607 0.011146852100751848 0.9953595721432565 -0.23440741042185284
0.8609989346797887 0.5027325087471289 0.0770769688628875 12.085204329533198 -0.4995527808170079 0.8643717892468991 -0.05751894585348 -4.746775408653049 -0.09553980143515249 0.011019736971349288 0.9953646124605849 -0.2182012461173667
0.8592332130523762 0.5057330803062169 0.07715139060108354 12.13336147124541 -0.5024662625289877 0.8626129439980417 -0.0585368590476979 -4.8314214508372375 -0.09615581421758715 0.01153084259730692 0.9952995021907457 -0.17082972752747252
0.8585246648017754 0.5069918863099752 0.07677647519168423 12.165117061029738 -0.5037758316714656 0.861877965527742 -0.05810579972318283 -4.887890338848369 -0.09563112124580664 0.011207129587890201 0.9953537506312358 -0.18153565779423955
0.8572854162833633 0.5090412168390485 0.07706331544181323 12.133692617011615 -0.5057890691172411 0.8606692811930449 -0.05853038503333071 -4.927419607126548 -0.09612040672708366 0.011199462918121364 0.995306706217216 -0.17582320612187613
0.8520012834303737 0.517962902968696 0.07621183754013165 12.159652264146775 -0.514557402417833 0.8553132115137992 -0.06058044096034811 -5.079336251006823 -0.09656341258476404 0.012399248290854419 0.9952495998450853 -0.13827983346517675
0.84894257327736 0.5229467104369724 0.07631019145810426 12.139165156627291 -0.5195159023799776 0.8522785585342786 -0.06102856574618094 -5.187671529907847 -0.09695222767704006 0.01216538967184339 0.9952146848005136 -0.0923587703343142
0.8497276927041921 0.5216768157915065 0.07626367495244603 12.157439882332378 -0.5182305486439301 0.8530526049573287 -0.06114206103586026 -5.143864592773793 -0.09695332229392102 0.012431936338971815 0.9952112842281426 -0.09554056078303255
0.8451093365368586 0.5292390964331072 0.07547309523868571 12.240517360176916 -0.5257120926331413 0.8483725590304807 -0.06237625143709146 -5.26742046046932 -0.09704125389504598 0.013037633632226675 0.9951949633874483 -0.039529703117313846
0.8447455689779491 0.529861153960383 0.0751803246594581 12.23500638672485 -0.5263665608487612 0.847986406309068 -0.06210715204603121 -5.2905983816217965 -0.09666006058542602 0.012892332558232158 0.9952339526205992 -0.030454865184509974
0.8412123360263661 0.5353892788600233 0.07563151326543452 12.171346429452147 -0.5318220397807439 0.8445086782671433 -0.06301119214013626 -5.3684628291625405 -0.09760698602315392 0.012783286479482263 0.9951429363997172 0.017505715812207306
0.8396493205504392 0.5378738864743886 0.07537042356344084 12.205064161879603 -0.5342931871412128 0.8429271497337557 -0.06328199124711707 -5.436141217406362 -0.09756950688448232 0.012864777131826537 0.9951455616318954 0.06738491905483941
0.8369158793012726 0.5421767701372161 0.07494104947866177 12.18826926456923 -0.5385621219263622 0.8401626107692347 -0.06385630972413889 -5.52159474145407 -0.09758407554289437 0.013081948975095323 0.995141301932265 0.0972407997849888
0.8369464577173346 0.5421486837338604 0.0748026178690177 12.18364208132409 -0.5384430067766518 0.8401666398230025 -0.0648008162126965 -5.45751967933034 -0.09797834131957005 0.013957867106249362 0.9950906604817992 0.11147930747221436
0.8361007780065081 0.5434582189923319 0.07475729547410803 12.172382867720396 -0.5396862358850982 0.8393119303854722 -0.06553052959325291 -5.458971890433993 -0.09835779487714454 0.014444643376725597 0.9950462785542267 0.13190992827705642
0.8322659747472534 0.5493513857387374 0.07447417179761241 12.155906600864785 -0.5455509900937158 0.8354678062642585 -0.06608828870337506 -5.6793764819164325 -0.09852646591539994 0.014373575856495248 0.995030620549595 0.20577968484658626
0.8319068077275182 0.5499923375941947 0.07375291075130115 12.196476163827436 -0.5462464163667823 0.8350465612301824 -0.06566653016630068 -5.761722871551648 -0.09770320293145442 0.014341170290672419 0.995112262496861 0.21820868346245062
0.8302081333495035 0.5525721214850531 0.07361050113841047 12.171342581243215 -0.5487938243218814 0.8333390663778903 -0.06611610117496898 -5.855824768806474 -0.09787642058486483 0.014493136510819222 0.9950930385082413 0.23128315717415926
0.8285201485171068 0.5551638096305557 0.07312665709361443 12.190798215176336 -0.5513747416753717 0.8316112756286025 -0.0663971421807586 -5.960017263203094 -0.0976742429897282 0.014691178436138243 0.9951099997148736 0.25048153558671066
0.8262515782836565 0.5585808706472115 0.07277183748387275 12.185141474213609 -0.5547019776869077 0.829307079537424 -0.06749432405267666 -6.040858108178789 -0.09805123830941205 0.015400609601497993 0.9950621969956885 0.28028979509016305
0.8242175677954864 0.5615928302849224 0.07265599706750893 12.17034795065812 -0.5576233799554335 0.8272594344802493 -0.0685419155734936 -6.115823389981017 -0.09859800740573468 0.01597876828721183 0.9949990512053941 0.30445491547480824
0.8222142073261398 0.5645797111919094 0.07220489582788653 12.172929372055366 -0.5605416349169198 0.8252115334750314 -0.06941902148862626 -6.21019000008518 -0.09877688391380915 0.016603455370257498 0.9949710812249966 0.3303933898757015
0.8198942106124173 0.5680255782677655 0.07155715085035476 12.187507616273695 -0.5639139378936792 0.82282766826554 -0.07039672567616576 -6.297504299303182 -0.0988663443922845 0.017365793107483006 0.9949491822079396 0.34742856974579467
0.8127663161883661 0.5782162167401789 0.07125252253972028 12.074915668524145 -0.5739017211409071 0.8156780311404874 -0.07284342102256268 -6.63077188291386 -0.10023836461707078 0.018312733641889446 0.9947949105446043 0.3872446115230041
0.8129424073226602 0.577967100563799 0.07126480928425204 12.111843015338325 -0.573627143104196 0.8158495630861382 -0.07308482131238295 -6.62351197722795 -0.10038198578711559 0.018534321622843918 0.9947763245330117 0.4034782627582378
0.81002891502149 0.5820721041879887 0.0710297286724621 12.112198773828355 -0.5776650452506668 0.812918425482454 -0.07393733161711787 -6.764205705567486 -0.10077823338728496 0.018859985081677445 0.9947301385994332 0.39471283732284174
0.806713082326775 0.5867380522103627 0.07037372301671492 12.109897084049722 -0.5822506392758384 0.8095409477213971 -0.0750176447591286 -6.902114303014813 -0.10098611719301459 0.01954257021782836 0.994695879193007 0.4049942920692475
0.8035334495040423 0.5911254032785261 0.0700339426774067 12.070104567681355 -0.5865500173627035 0.80632992688743 -0.0760994489961173 -7.033234291948615 -0.10145478135581536 0.020070042463795276 0.9946376831467497 0.40364252180150834
0.8010704999844457 0.5944413754080762 0.07018194395735577 12.021210276119339 -0.5897867035146047 0.8038837815175738 -0.07695784671083358 -7.146347054452023 -0.10216505474992564 0.020256283369517923 0.9945612020242841 0.41187331436323255
0.7990594648534253 0.5971864070905332 0.06980234103857932 12.02135015585771 -0.5924130005114732 0.8018222989136136 -0.07828050708746012 -7.237999710128628 -0.10271712833389111 0.02119896580437043 0.9944846883666195 0.4234926221776136
0.7963932626388206 0.6007786958369842 0.06944587714123221 12.013357712294319 -0.5959575566164511 0.7991268235059972 -0.07893611762020394 -7.414616289068978 -0.10291920100376176 0.021477396993420626 0.9944578218723625 0.43636770586178614
0.7937190532489224 0.6043587070303358 0.06899722998978267 12.007009615646679 -0.5994691502103511 0.796408967638377 -0.07980911107913705 -7.5612308707502045 -0.10318334388709831 0.021984301257527265 0.9944193723185828 0.4385091632676419
0.7920995899961052 0.6065290568207475 0.06856196292511665 11.995429058955239 -0.6015404420336008 0.7947326329387029 -0.0809267492262332 -7.630798584041922 -0.10357285419468024 0.02285925139715057 0.9943591496534434 0.4183004926021763
0.7900349666611188 0.6092235803481826 0.06849365372438407 11.92026404578345 -0.6041897124147896 0.7926656362893342 -0.08146152747246546 -7.77615851907688 -0.10392084903862739 0.02297429419489892 0.9943201893461301 0.3914319598899765
0.7873578669285568 0.61269362080857 0.06836750987277242 11.849028802375758 -0.6075798416425495 0.7899766914943025 -0.08236238780729213 -7.922520076392185 -0.10447164885908637 0.023309953157097267 0.9942546558445 0.3897076226133068
0.7797387649951719 0.6226217366733786 0.06595173527389958 11.808658097635176 -0.6172194129300175 0.7820798801483253 -0.08597242214511412 -8.215259134977428 -0.10510782400059304 0.02632933893960221 0.994112222661431 0.336749413724422
0.776299978322714 0.6269526563376853 0.06548824602385601 11.611187622239507 -0.6214476167165726 0.7785900105115597 -0.08718058963376565 -8.308800733901764 -0.10564659641207273 0.026980775428379476 0.9940376423575799 0.32575999147198975
0.7743983884958621 0.6294235024165308 0.06428989423483632 11.543349494280806 -0.623913632840045 0.7765675121461143 -0.08760523863060028 -8.471266047823097 -0.10506623935099191 0.027730014152372928 0.9940785339517884 0.3553856163667772
0.7674042808434264 0.6382037552455436 0.061535652541225894 11.181071373689505 -0.6325132499632682 0.7692681695011346 -0.09029657808173185 -8.594099794551394 -0.10496503400703035 0.03037186498797212 0.9940120177608734 0.2470332398567514
0.7672982597239206 0.6383969806731843 0.06084961538094343 10.885932734133595 -0.6327605568511737 0.7691010134995364 -0.08998726980729561 -8.761441903211718 -0.10424710220454125 0.03054383900781897 0.9940822981929652 0.38515614635910506
0.7664085773061947 0.6397564114774936 0.0577029167801555 10.503692947753139 -0.6340077480026569 0.7678262155196572 -0.09207104991990045 -8.784270777791304 -0.10320885671347313 0.03397994605922703 0.9940791191659223 0.4724626608406183
0.7657333247751171 0.6407006852036664 0.05617034189321939 10.421442196133125 -0.6350153268201566 0.7670030812926628 -0.09198808613642942 -8.933607828099829 -0.10201965512754561 0.034769315022024905 0.994174574559489 0.6105412561501331
0.7651183300369115 0.6415588396762173 0.054737521635893245 10.182085852285232 -0.6357974194672134 0.7662029494292489 -0.09324527701040587 -8.972931440019003 -0.10176238224595165 0.03654169562589877 0.9941373758391734 0.6697570865576801
0.7638155936373155 0.6432434153770773 0.053138004201449505 9.841370419623741 -0.6374345988233544 0.7647096704314784 -0.09431994577756325 -9.095996879005515 -0.10130582974041728 0.03817104298550378 0.9941227793074617 0.7223294882752391
0.7615514898332474 0.6461138879275382 0.050756006146349 9.700141146997243 -0.640275583517184 0.7621773530096962 -0.09556599662461439 -9.205221062003455 -0.10043159604676732 0.040280595654518324 0.9941282453130489 0.8131920764590418
0.7581679156406927 0.6502184887035765 0.04896252282196506 9.454183322796235 -0.644402882420464 0.7586233924948781 -0.09610137089425387 -9.430785824261433 -0.0996310033135101 0.04130938522405703 0.994166584567767 0.8544514857526667
0.7572668652384675 0.6512675969647188 0.048963373614520536 9.504525598448952 -0.6454133926582848 0.7577142519579075 -0.09649178699343254 -9.405797680030625 -0.09994222025370562 0.04146841597723115 0.9941287256120732 0.8267130481227276
0.7553461413423254 0.6535783495037919 0.04782831608124134 9.440747444117312 -0.6476304485603067 0.7556373230361288 -0.09791342161503687 -9.42916063673179 -0.10013495322237916 0.04298345140496334 0.9940449758680211 0.8276337761346412
0.7473661723851259 0.6628600063200887 0.04539180978707048 9.085648300839363 -0.6568935599594479 0.747431114163762 -0.09918457775135736 -9.877619522446052 -0.09967274079817928 0.044309610709635544 0.9940332002204587 0.8418770377656267
0.7481285636260547 0.6619712512349314 0.04580081686264793 9.149470043969432 -0.6558889551289938 0.7481839969880707 -0.10015181072126261 -9.756587451029391 -0.10056505768221208 0.044886180383349565 0.9939174512925876 0.8063680790853436
0.7456242977739831 0.6648184581774427 0.045396302003912155 9.014075250470857 -0.6587949911914056 0.7456801043904978 -0.09975139847285211 -9.98132133584545 -0.10016769015098435 0.04447021005950285 0.9939762744990777 0.819559528746257
0.7431413435398821 0.667688254547735 0.04396974255948766 9.039146022815498 -0.6616415787479665 0.7430378246271004 -0.10062411463124546 -10.07170431774863 -0.09985672132436209 0.04568572985537323 0.9939524381447623 0.825234429390442
0.7333137612426093 0.6786272837544642 0.04142387374768123 8.927451454229205 -0.6723589748572505 0.7328868693850038 -0.10397233099220018 -10.342408105795123 -0.10091747371559404 0.04839262781744417 0.993717171569341 0.8086224650286621
0.7328691941288931 0.6790822036314637 0.04183425639248085 8.86555659857698 -0.6728362537338386 0.7325079135482763 -0.10355448928253136 -10.422298794048467 -0.10096593464281102 0.04774429076005945 0.9937436101638637 0.7730972495508882
0.7300406692487938 0.6821334410802635 0.04164840696565778 8.808124005699895 -0.675793234027009 0.7296386613857071 -0.10455108155628057 -10.503843380418338 -0.10170607693791812 0.04818082991463691 0.9936470608534109 0.7477482413912468
0.7269261260119583 0.6854975261928627 0.040884580280561765 8.821387042000989 -0.679108705143976 0.7264356334039372 -0.10536905199673384 -10.618905883533303 -0.10193024045361164 0.04883044239485053 0.9935923781795925 0.7423773782109059
0.7224952577790981 0.6902132452008731 0.040078406106034394 8.816372395190069 -0.6837664007793813 0.7219186395549054 -0.10628728535625544 -10.777966760965324 -0.10229424056092914 0.04938779214001027 0.9935274200220067 0.7368625826291998
0.7082150241550058 0.7049580742109061 0.038283066308524134 8.730804994710562 -0.6982292087431141 0.7074141400988502 -0.10973243115035816 -11.204625113713934 -0.10443874577522844 0.05098380128087679 0.9932236406710399 0.6797467909968377
0.7093508760522182 0.7037798453670568 0.0389263907789741 8.719517402290096 -0.6970873961430617 0.708639067613807 -0.10908636023774824 -11.228200288205006 -0.1043575430069598 0.050245408810631685 0.99326980328156 0.6543012507947947
0.7055515198582443 0.7076230831881541 0.03829653985701546 8.7200350371637 -0.7008516720069483 0.7047585996304144 -0.11010109033085454 -11.345641484735138 -0.10489988880261651 0.05084179763011352 0.9931823221055248 0.6093027450488973
0.7006399647230451 0.7124997576381323 0.038049115607324165 8.68645505899515 -0.7055864897094986 0.6997962756757719 -0.11150281651036753 -11.446601086803895 -0.1060723591343678 0.05127638750842075 0.993035440813541 0.5952460327467501
0.6953514609309711 0.7176907086469654 0.03750189999170295 8.719494337135835 -0.7106766812911266 0.6944419053784701 -0.11264588196355875 -11.56175064037599 -0.10688779373813934 0.051676752763002536 0.9929272444512991 0.5849056421307613
0.691044250128481 0.7218597107376138 0.03709989727991384 8.751965735189792 -0.7147787830980116 0.6900941781763337 -0.1134077443566028 -11.657524900982839 -0.10746690466047058 0.05185155022687244 0.9928556194844004 0.5847149715720037
0.6863388613844684 0.7263546058266045 0.036714492342356 8.752829114114586 -0.7192251921171107 0.685363575860002 -0.11398198063067612 -11.766528591493774 -0.10795411236997185 0.05182427499599113 0.9928041872109219 0.5533707047319585
0.6825224820679068 0.7299487969815658 0.03657615694732699 8.747648957369346 -0.7227706288157086 0.6815454520097967 -0.1144483069604227 -11.856241007149649 -0.10846971740178414 0.051677370578615205 0.992755644545446 0.5601648290600068
0.6783718076129551 0.7338135640107015 0.036460168812685136 8.755524209666557 -0.726598465297188 0.6774052761218933 -0.1147900784475303 -11.966605195726029 -0.10893282730065755 0.051378450308710064 0.9927204510737883 0.5530147313621013
0.6751176640311423 0.7368019017592684 0.03659367810247502 8.78583141590725 -0.7294833527750512 0.6741545205883405 -0.11562750708362712 -12.007075991654036 -0.10986436063263713 0.051367693487477564 0.9926183467620086 0.5450119910700569
0.6718557055745548 0.7397830262937999 0.036482665671613686 8.835207221178628 -0.7323307246456732 0.6708498207983249 -0.11684274763458856 -11.99776077445081 -0.11091267117364537 0.05178408966500684 0.9924801194133199 0.5689720888241709
0.661528582497844 0.7490619482508064 0.03586268563712445 9.031201191084914 -0.7415194178450758 0.660507685872612 -0.11780725725482866 -12.117073161089351 -0.11193251313673933 0.05133999012374347 0.9923886929610658 0.6267704234623174
0.6568252180190581 0.7531695786571359 0.03627972932165723 9.078833458214385 -0.7455803109717033 0.6558896735456547 -0.1179776929233317 -12.046482650757712 -0.11265270909111276 0.050441272006141846 0.9923532864926785 0.6640675951767119
0.6551979834850314 0.7545707845451582 0.036585974745180015 9.096904202970528 -0.7471225151114838 0.6543830574895009 -0.1165794213580623 -12.126552970273934 -0.11190866745095776 0.049048396320229525 0.9925072820729057 0.6626476435889671
0.6513402779604486 0.7579064075332518 0.03652012768936828 9.301179527596755 -0.7503729539316139 0.6505193972522285 -0.11732409729692453 -11.872567362478206 -0.11267773655145581 0.049014194052606035 0.9924219548493461 0.692197856754815
0.6490915968586973 0.7597886144556355 0.03743474630622305 9.323649983122401 -0.7524337340415852 0.6484909913238284 -0.11533824191513893 -11.949036589911293 -0.11190877876053061 0.04669791767748089 0.9926206373639916 0.7088950004661372
0.6479143862262122 0.7608017917708723 0.03725025851379134 9.452095347498318 -0.7533784861119435 0.6472727273126851 -0.11601238356690141 -11.563770764956388 -0.11237350570663214 0.04710254892698959 0.9925490139533493 0.6002291467709772
0.6418809043459698 0.7658721725818113 0.037798411353089305 9.484228325989848 -0.7586465448293653 0.6414512901544742 -0.11399851919050008 -11.381896241972749 -0.11155413329176567 0.044497838419038704 0.9927616117283831 0.6669172808327878
0.6436038563040025 0.7643943703177789 0.0384099307094798 9.476784980555596 -0.7574773873257392 0.6433571920497013 -0.11099338326268325 -10.988775648435915 -0.10955402247659253 0.042341115530911036 0.9930786202989066 0.5746370794748483
0.6461890508990048 0.76221181298219 0.03837789270725286 9.663172307844786 -0.755713530076915 0.6460755494143772 -0.10716083663166913 -10.676310772670957 -0.10647427368591651 0.04024346654184982 0.9935007259402152 0.5656653825933482
0.6463083298471941 0.7620496519265975 0.03957108500768754 9.574317628541083 -0.7554496892095617 0.6463012179337525 -0.10765919733365684 -10.263336916143874 -0.1076164942902378 0.03968707215066191 0.9934000334511623 0.48951344517369705
0.6472260247106614 0.7612460731818351 0.040036096244189905 9.717830963100925 -0.754991978603318 0.6473921095980044 -0.10426201933061087 -10.009063803120243 -0.10528810560503007 0.03725416078070294 0.993743700519713 0.5269047724250404
0.6471080838794065 0.761314445281168 0.04063795250936168 9.666700246343746 -0.755411553386685 0.6474660801958931 -0.1007028301771163 -9.835179596948937 -0.10297821511295753 0.034467236645595194 0.994086262258034 0.5229209233369823
0.6485512505551083 0.7601493652229613 0.03942357105254127 10.027387998366622 -0.7545217684287957 0.6488539275119417 -0.09841484501544906 -9.422226531848615 -0.10039012088099643 0.03408112825961435 0.9943642694335083 0.5869915013125205
0.648646245586204 0.7599954602363386 0.0408037805488915 10.090910333904072 -0.7545348698491243 0.6491559867511426 -0.09629971467723457 -9.061922618789456 -0.09967536440214476 0.031676573130600134 0.9945156692812748 0.5733802284616673
0.6493571791490675 0.7594188739630815 0.04022720169503237 10.2968005973518 -0.7542192915037388 0.6498821211510766 -0.09384289494563883 -8.716259409827504 -0.09740900477459162 0.03059742598347637 0.9947739860450665 0.5463476734503893
0.6479197564130853 0.7605509471535568 0.04197911425268391 10.269281684409053 -0.755492775991458 0.6486821105966359 -0.09188136272725116 -8.359356369232088 -0.09711155788237756 0.027816832596719507 0.9948847014352586 0.5894639489354094
0.6468894745860514 0.7614300890239544 0.041931219857729046 10.288405016345079 -0.7563124292050633 0.6476362856122576 -0.09251351786791927 -8.262891600645073 -0.09759875562593846 0.028132918215554317 0.9948281368220974 0.5727656615498743
0.6440276071548245 0.7638065896435654 0.042754354626180456 10.42339579473219 -0.7590343929017345 0.6449720125732026 -0.08875749765271299 -7.812618670947848 -0.09536892373693032 0.024710253222737736 0.9951352530037859 0.7034157907762719
0.6406829537312291 0.7665956305720745 0.04308702804825691 10.593912995857748 -0.7621005633613427 0.64174859130821 -0.08579904940181769 -7.57004159532215 -0.09342421593229622 0.02213334004894509 0.9953803449615106 0.7407430863244635
0.6363506952384457 0.7701269733527586 0.044297150970113185 10.665106006978913 -0.765709573688165 0.6375763135862894 -0.08476610829813236 -7.325346558084227 -0.09352348064443165 0.020022219363247648 0.9954157268698848 0.8486005985319637
0.6359559239865732 0.7704731647047911 0.043945024930794906 10.770457604552965 -0.7660179007041146 0.6371409865421754 -0.08525220858681912 -7.291855951946559 -0.09368371548598547 0.020553971339848515 0.9953898209821527 0.8907987926031705
0.6349818721792897 0.7712313067064788 0.04472464152457394 10.849387187771175 -0.7668525365227474 0.6362646469143647 -0.0842881149128931 -7.183352540759731 -0.09346234125209997 0.01922422021166128 0.9954372004927837 0.9811270831175333
0.6330786495600336 0.77275547595246 0.04539160557558025 10.86616320184125 -0.7683700474077128 0.6344352115042716 -0.08425813106284083 -7.093672955215436 -0.09390896505619116 0.018464473699694284 0.9954095486246104 1.0424105539803719
0.6305357989335701 0.77479131569112 0.04607627798365531 10.989869655642407 -0.7704858290052968 0.6319873831720745 -0.08332787536795694 -7.042622329432818 -0.09368134053928336 0.017040089228855956 0.9954563987407065 1.0856761693434873
0.6270801178893051 0.7775574599366714 0.04663606163436795 11.06222885176583 -0.7732913376273994 0.6286105947529573 -0.08288080184678447 -7.013491104802186 -0.0937605082024149 0.015909640509926933 0.9954676541407318 1.1473477158603447
0.6232672602735315 0.7806092030343387 0.04676745031770786 11.174676561968559 -0.7763678091238733 0.6248340548558673 -0.08267665237886732 -6.9508859631195685 -0.09376005134029755 0.015220907675294828 0.9954784662373114 1.1760119158717826
0.620237984004604 0.7829841712760708 0.04733530108734031 11.217865280488663 -0.7787013749858503 0.6218685078876655 -0.08308867246935808 -6.829474753804465 -0.09449344841344597 0.014674686663931832 0.995417320413019 1.2335843702614562
0.6165292368187173 0.7858401966810876 0.04844466356532384 11.309799332460894 -0.7816178684557069 0.6182946395622779 -0.08237260709309997 -6.875776151291968 -0.09468478155701246 0.012919905911894186 0.9954234617351109 1.3795511343960327
0.6126620878562051 0.7888046625442103 0.049319067835774485 11.450800386437773 -0.7845548044252365 0.6145280683626796 -0.08263783665921738 -6.948428699867504 -0.09549306234992332 0.011935557923224644 0.9953585371613999 1.5128194643370745
0.6082751243252692 0.7921769377297602 0.04956886579473113 11.614369712412088 -0.7879873784119936 0.6101946349263458 -0.08208775164725302 -7.082217590004954 -0.09527467969237023 0.010872296730368018 0.9953916458225422 1.5102483617794054
0.6048290034666434 0.7947749635977854 0.05014612451309123 11.683757352523259 -0.790526663843998 0.6068152917861612 -0.08272119079267803 -7.036668458048823 -0.09617416657937213 0.010390326876669307 0.9953102886990295 1.4688069297216466
0.6006556680253347 0.7979032501577104 0.05062777752184073 11.711927243850834 -0.7935778335215494 0.6027022381896013 -0.08357173101289067 -7.065935747126431 -0.09719563062346925 0.010020751917787578 0.9952148481200898 1.4983605808027558
0.5958995637354908 0.8013645777236648 0.05213946211481173 11.77528924107263 -0.796913270075971 0.598108577089092 -0.08482552675513368 -7.103057300321583 -0.09916123192399519 0.008996865133100012 0.9950307063106534 1.6133548456303841
0.5913715690202829 0.8046656579032258 0.052847387311506316 11.912611873790187 -0.8001616391891561 0.5936712159849821 -0.08541568053371287 -7.2601556037326995 -0.1001050374587627 0.00822595295811745 0.994942870306279 1.773369823532305
0.587427080652098 0.8075013766527213 0.053581261841318756 12.087328763735433 -0.8029773089322791 0.5898205142850507 -0.0856691442025417 -7.38491098334725 -0.100781279295501 0.0072998378383242555 0.994881825198893 1.9006387184069553
0.5842834594004508 0.8097751802717492 0.05363764057909281 12.214926997322289 -0.8051819349040226 0.5866946698737668 -0.08643735330242358 -7.463109262498859 -0.10146374118504099 0.007315856583798062 0.9948123378141035 1.9389486126394881
0.5800072241338614 0.8128171227426363 0.054036514773881834 12.253840334605554 -0.8080916116910237 0.5824735781555962 -0.0878207143288041 -7.533026141931953 -0.10285702244934192 0.007270194425510042 0.994669581924498 1.9339485932505516
0.5756207661693422 0.8158262934858606 0.055571507193296385 12.282011738379007 -0.811004740773645 0.5782656009177382 -0.08877052009492553 -7.664603230393238 -0.10455641538089072 0.006029399004591471 0.9945006799144614 1.998182395904474
0.5716393242928861 0.8185754834525625 0.056237539174183185 12.452287964530127 -0.8136807252495256 0.5743733025653529 -0.08954879484158136 -7.775713182925449 -0.10560378913366554 0.005430210912985394 0.994393459617489 2.110297137141878
0.5683882111199307 0.8208458087406026 0.05609812593006806 12.605097667612032 -0.8157777022858227 0.5711170792850339 -0.09127991127406755 -7.789214558747059 -0.10696533042607631 0.006118825206481139 0.9942439228202082 2.244968530745745
0.5633912117209057 0.824287339918344 0.0560421609681708 12.669099274149033 -0.819211679123629 0.5661435527191478 -0.09150793682510983 -7.9789408258095404 -0.10715674193956393 0.005644374621526323 0.9942261179892699 2.3243420965117725
0.559602296798821 0.8268375134085002 0.05643576736365603 12.780301414434414 -0.8217521767761001 0.5624191997858673 -0.09169516713528304 -8.045194307848437 -0.107557563105683 0.004936611455141792 0.9941866024474962 2.4438768611622033
0.5568232131679121 0.8286531926129214 0.05728695881058179 12.85049557652806 -0.8234895611465882 0.5597457470211354 -0.09246427079879907 -8.090232782578003 -0.10868694475404862 0.004311039799066114 0.9940666793409123 2.5563032044838345
0.547541088028199 0.8347410888059659 0.058361559094311274 13.094441617861113 -0.8294322405350626 0.5506339887689538 -0.09404450421677989 -8.354721861069583 -0.11063866992100763 0.003086271441213699 0.993855904870866 2.754266280898764
0.5438033163879864 0.8371975061743514 0.05812304827577485 13.290202776697281 -0.8318053147930624 0.5468908746666733 -0.09492254467902092 -8.191619112244625 -0.1112558823948312 0.0032721341286746776 0.9937864065133796 2.8762022308621975
0.5376066340796001 0.8411396600366551 0.0588487833945615 13.377927620378788 -0.8358380811604762 0.5408158595066495 -0.09430221730194582 -8.113778571628554 -0.11114769037451126 0.001509443438802846 0.9938027533192394 3.278204601120956
0.5379701179544216 0.840868187576195 0.05940406813025728 13.395335752750114 -0.8356564932662126 0.541239571014188 -0.09347701337976379 -7.872008290700188 -0.1107536791719954 0.0006464446544601362 0.9938476767891355 3.439946326122779
0.5397876707477265 0.8397469795674566 0.05877313005168632 13.262987068086542 -0.8347484912733283 0.5429778133432834 -0.09148798026983614 -7.630925668524986 -0.10873926073712656 0.0003233021332120921 0.9940702533775264 3.7434538361964074
0.5409988837622323 0.839022028866796 0.05798485012707147 13.308124808700018 -0.8343685787856826 0.5440970742044161 -0.08824652161621807 -7.510951836175986 -0.10559016290919737 -0.0006394673013522086 0.9944095275983459 4.006104454934215
0.5423658648034368 0.8380938483962344 0.05863420483305696 12.982619939934308 -0.83384005275095 0.5455171504861418 -0.08439078713805304 -6.962692638555571 -0.10271336390326757 -0.0031208662034337637 0.9947060998454766 4.5276365454957785
0.5419055047910174 0.8384050303773884 0.058441671049650805 12.981830145397627 -0.8341078762152588 0.5450406135338906 -0.08482205158022398 -7.166917474603998 -0.1029683189766368 -0.002781121442704465 0.9946807481049527 4.651160993296548
0.5418376127764347 0.8384171663797427 0.05889530117499692 13.106646551349689 -0.8339722833037079 0.5450238312718965 -0.0862511102937833 -7.161304074976778 -0.10441375417992858 -0.0023829530958716545 0.9945310902493586 4.806269852227935
0.5420958042969037 0.8382006737752782 0.05959672345321166 13.268179539490527 -0.833802105346435 0.5453527066109637 -0.08581651654521529 -7.086443779896622 -0.10443269642960003 -0.0031710999285005166 0.994526900612381 5.028474371444019
0.5402126594127763 0.839370861300175 0.060223249749336724 13.29043661761219 -0.8349909059256755 0.5435446290492445 -0.08572877727545776 -7.073953921905521 -0.10469226156505441 -0.003974095105806689 0.9944967254528625 5.279931390282537
0.5380425376630174 0.8407511583847964 0.0603963354828504 13.23813878653176 -0.8362832376771825 0.5414077709214866 -0.08664855432147733 -7.119878480592728 -0.10554891778374582 -0.0038878349294763654 0.9944065117919455 5.402686681866351
0.5351460903089464 0.8426478449720989 0.05969314358383161 13.273517138168128 -0.8381677731048421 0.5384533090119498 -0.08684939920664549 -7.2374610518487295 -0.10532542976664047 -0.003555752796170938 0.9944314508635114 5.437731888875657
0.5314608121763734 0.8449894847987152 0.059516180156554646 13.280152172473878 -0.8404007664465245 0.534773056309533 -0.0880018749883133 -7.315383558910579 -0.10618830856988475 -0.0032478954652057322 0.994340733500392 5.559057900005878
0.5262484741271374 0.8482776451330696 0.05905573847091059 13.271184153357725 -0.8436112872225368 0.5295430416527013 -0.08890536040051945 -7.5485891951434025 -0.10668898513719155 -0.0030337772968262303 0.9942878137871817 5.655279224217053
0.5226137716169518 0.8505476096464961 0.058682275355742206 13.25897202234314 -0.8457351233532359 0.525892604064831 -0.09038290832123283 -7.654629883878316 -0.10773554122480318 -0.002394308779168942 0.9941767048379531 5.733011088117039
0.5189293191848136 0.8528181132835155 0.05842625562128385 13.264798255772192 -0.8478685813782146 0.5222045490372133 -0.09176751972533354 -7.7856186545764094 -0.10877145950151189 -0.0019169299345130105 0.9940649349904271 5.855478855125558
0.5140665887113021 0.8558132271422118 0.0576130420924642 13.217306242619895 -0.8507325136270967 0.5172836897150036 -0.09312236365427523 -7.959007744099741 -0.10949763754737142 -0.0011421923005395975 0.9939863996897936 5.935792607315925
0.509755995954415 0.8584198054093637 0.0571337226991345 13.100623616397298 -0.8532679964158205 0.5129470387645224 -0.09390985952095038 -8.0995943224186 -0.10992065720810922 -0.0008792631252267718 0.9939399760625786 6.0390026004175965
0.5069477101425994 0.8601119883256836 0.05666909845413171 13.013022744302976 -0.8548463684895371 0.510105180526275 -0.09502836987191216 -8.227714116876307 -0.11064224085508478 -0.00026895851394110747 0.9938602629141928 6.222997146118045
0.5058602243759882 0.8608065440230561 0.05583482033056047 12.888509896034366 -0.8554377941927813 0.5089316851611881 -0.0959933336518061 -8.298636715284884 -0.11104779899156757 0.0007959937569764114 0.9938147476934782 6.3418801485292695
0.5005722760334317 0.8640247072629825 0.053746643670275575 12.648544862402911 -0.8584952469828449 0.503442000730864 -0.09763228363596944 -8.566642788147503 -0.11141502310991709 0.002730776301786165 0.9937702126176814 6.67628857138883
0.4996593266279803 0.8646807659116774 0.051650076244434524 12.32727102099949 -0.8590957905576291 0.5022997009406538 -0.09823152793832937 -8.563810968838492 -0.1108827306655303 0.00470993601972856 0.9938223365083068 6.819280600552873
0.49828789765666925 0.8656140434112045 0.04920872786603993 12.139158006892321 -0.8600788166143779 0.5006698400539547 -0.09794968336633295 -8.49672711798008 -0.10942394737952708 0.006483757370623451 0.9939740241224743 7.057010720427946
0.4971518490518039 0.8663514559235568 0.04769899164027799 11.706143383442958 -0.8608795805996763 0.4993798800743275 -0.0974991440140897 -8.43489506584027 -0.10828844209289519 0.007408791809262411 0.9940919087856039 7.238872314012379
0.4965460472808819 0.8668769543473169 0.044343758875889566 11.342463222215628 -0.8615221273736904 0.4984255384984725 -0.09670370529626865 -8.393318287884943 -0.10593227541809108 0.009814713139774668 0.9943249088857802 7.467417671448214
0.49400188434002257 0.8684167413977996 0.04259696618921236 11.003112420885317 -0.8631511673148197 0.4957195922434801 -0.09608406854952152 -8.462485753434912 -0.10455716442014339 0.0106980898282305 0.9944613367257814 7.673335415688223
0.4909648359276402 0.8701070188175277 0.043212332580054635 11.04943704132477 -0.8648034053569361 0.4927618041290826 -0.0964410414424487 -8.464978910432094 -0.10520741402392005 0.009978987719834397 0.9944002312140074 7.574645700991078
0.48967076829733486 0.8708506621557408 0.04291460005631694 11.133034462899435 -0.8655470178077883 0.49144377582027277 -0.09649546710371033 -8.444040485961773 -0.10512325451178686 0.01010640541472454 0.9944078448656919 7.60878004254199
0.4791168508900272 0.8767599630068185 0.04170144435739813 11.057348131672585 -0.871496911379873 0.4808271997952695 -0.09642788700572155 -8.352388775281815 -0.104595299361748 0.009857545602608167 0.9944660135701497 7.735255212692105
0.4800749824550233 0.8762572583916904 0.041245949336570935 11.083368857142837 -0.8711605977945629 0.4817477635982198 -0.0948593965737754 -8.14264098302301 -0.10299137862480488 0.009607777265197504 0.9946358461994876 7.623757580291885
0.4826779292312779 0.874837787371478 0.04099832216041978 11.008260388526395 -0.8698736206236891 0.4843230207836782 -0.09354729115273974 -7.86255743431971 -0.101695136442455 0.009489853841618651 0.9947703463101438 7.398586070501086
0.48411164002364504 0.8740674057765403 0.04052271156614956 10.96269474878826 -0.8693180546185927 0.4857205243107975 -0.09144228878038087 -7.630096362295956 -0.09960943684094198 0.009041151602430032 0.9949855364124236 7.296372803805965
0.4851189547429358 0.8735484048498048 0.0396583425456961 10.941419761031845 -0.8691401156554368 0.4866675529755544 -0.08803494896485918 -7.2344220165916004 -0.09620321776106679 0.008238765995810535 0.9953276162285821 7.025528836346986
0.48687836487107156 0.872625894929404 0.038386264719520204 10.586385650249952 -0.8685095759796796 0.4883226219992113 -0.08504195009181202 -6.466927507142905 -0.09295468924200088 0.00806624711115407 0.9956376657225526 6.953143839867131
0.4842960577276169 0.8741002427648515 0.03749792084774046 10.353653553933652 -0.8697928101231504 0.48565038446673475 -0.08720190092762714 -7.113785215125492 -0.09443408244680365 0.00961611489767201 0.9954846731149072 7.278718732582279
0.4834640712117423 0.8745972293488442 0.03663575115489909 10.208101494018742 -0.8700773134970783 0.4847159058328157 -0.08953188912552539 -7.275833054663029 -0.09606227347446461 0.011409515677102295 0.9953099329188461 7.487663617549398
0.4829427084852445 0.8749184301385022 0.03583407491349265 10.063488389829029 -0.8701357143983783 0.48408453963148257 -0.09233632556152258 -7.357390572411943 -0.0981334746626629 0.013412646783599646 0.9950828719543298 7.578597358612816
0.48218999916203575 0.8753390102671798 0.035699044981369714 9.950554850618394 -0.8705030938844666 0.48331496424861514 -0.09290322314611549 -7.499894960576073 -0.09857569804823163 0.01372087598597227 0.9950349588413798 7.758220329043597
0.481765359214409 0.8756892427009147 0.03271832634624737 9.683193890132284 -0.8706669244994153 0.4825613383506286 -0.09525576786727792 -7.616658890161372 -0.09920305057682824 0.017404164649167643 0.9949149962730996 7.997365737762455
0.48238722909902004 0.8753807260007325 0.03179851802510641 9.345651478233776 -0.8704621049293415 0.483104762645548 -0.09436902135327328 -7.831292675591581 -0.09797083792720586 0.017843005789623518 0.995029317186293 8.216695244289903
0.4846358092133435 0.8741344374203863 0.03189228345324928 9.227092722561975 -0.8689423305761055 0.4852990339948623 -0.09707766857843447 -7.815560103969341 -0.10033622756064457 0.019334759356793726 0.9947657053394532 8.350064752306382
0.4829114658375823 0.8751421923083711 0.030375309122468077 8.991852368008294 -0.8696909460449923 0.483372374871501 -0.0999440122191368 -8.006384387861685 -0.1021478072695331 0.021846978115303766 0.99452930324714 8.515260398195018
0.4796831772892558 0.8769507538159762 0.02935003930605285 8.762228363516822 -0.8714438444063984 0.48004200866547037 -0.10072385994701366 -8.503664885704026 -0.10241911673067616 0.0227386300818754 0.9944814122094457 8.814993111777015
0.4792172199698893 0.8772069094973713 0.029306893632541527 8.720473671494121 -0.871730155061058 0.47958097883249695 -0.10044213010133944 -8.761869580494583 -0.1021635592643629 0.022585895424364018 0.9945111786633185 8.690561620445042
0.47798385572206536 0.8779022830360232 0.028618440020273302 8.693661649189593 -0.8719874857754717 0.4781796609880189 -0.1047952120488419 -8.690177833577001 -0.10568471185582276 0.02513549795622219 0.9940819626280487 8.628160788663932
0.476221695735528 0.8788415130992625 0.029163185082699473 8.712723450918265 -0.8731392564197407 0.4765384094039434 -0.1026595502695727 -9.130235582710663 -0.10411885232546325 0.023425183374882606 0.9942889546677413 8.692084179743999
0.47655474664368075 0.8786433528589462 0.02968891928236952 8.685721369462822 -0.8729688721506372 0.47693289795283145 -0.10227589699614917 -9.064953114364855 -0.10402365936378079 0.022822561799453148 0.994312933117872 8.648781273671815
0.474035559076042 0.8800353568810451 0.02877602075874715 8.682717650145412 -0.8744430667631057 0.47434866609078014 -0.10169889855767278 -9.242312211683492 -0.10314849354892253 0.023045902393685883 0.994398951458335 8.582061553197155
0.4722046536654642 0.8810057083016009 0.029184019542593226 8.655942741530948 -0.8754272964510433 0.4725763899422507 -0.10148203928566991 -9.347815360120213 -0.10319793450020491 0.022371803886407467 0.9944092159195558 8.524892938072732
0.46913489872650116 0.8826593356114696 0.02872183933499397 8.71177943343756 -0.8769365865359962 0.4694441549657995 -0.10297770905905007 -9.329328294888708 -0.1043775358565318 0.023123205365039135 0.994268900942875 8.49591045333282
0.4672403549579813 0.8836692882911901 0.02854889892219753 8.722779912960396 -0.8779982002530731 0.4675541984792919 -0.10252917553925461 -9.420006174889256 -0.1039500411308898 0.02283988649961369 0.9943202343981328 8.498846188056698
0.4577397982499395 0.888690916367346 0.026509097764031854 8.81246508933113 -0.8829674904213259 0.45787952322228853 -0.10351209143285629 -9.54863636633494 -0.1041282284358131 0.023974932322863605 0.9942748687676459 8.339378026059357
